-0.03125
0.679688
-0.675781
0.757812
-0.09375
-0.429688
-0.703125
0.734375
-0.0351562
-0.871094
0.625
-0.507812
-0.49707
-0.773438
-0.585938
-0.877502
-0.789062
-0.273438
0.00976562
0.609375
0.0390625
-0.257812
-0.90625
0.625
0.390625
0.699219
-0.414062
0.261719
-0.285156
-0.0546875
-0.46875
-0.634766
0.0625
-0.480469
-0.69043
0.898438
0.765625
-0.55957
-0.390625
-0.515625
-0.442383
-0.1875
0.695312
-0.824219
-0.707031
-0.695312
-0.851562
-0.355469
-0.851562
-0.472656
0.328125
0.585938
0.566406
0.173828
-0.140625
0.566406
0.780273
0.6875
-0.640625
0.119629
-0.59375
-0.515625
-0.286133
0.5
0.0234375
0.107422
0.917969
-0.460938
0.03125
0.171875
-0.796875
-0.890625
0.625
-0.289062
-0.300781
0.175781
-0.414062
0.277344
0.291016
0.0390625
0.179688
0.116211
-0.296875
-0.601562
0.239258
0.507812
-0.226562
0.335938
0.21875
0.867188
0.152344
-0.09375
0.890625
-0.25
-0.636719
-0.8125
-0.261719
-0.373047
-0.398438
-0.101562
-0.570312
0.898438
0.65625
-0.103516
-0.914062
-0.148438
0.533203
-0.851562
-0.0625
-0.451172
-0.664062
-0.539062
0.259766
0.0859375
-0.382812
-0.0898438
-0.242188
0.742188
-0.894531
0.367188
0.539062
0.953125
0.140625
0.523438
0.09375
-0.230469
0.1875
0.8125
0.0493164
0.59375
0.835938
0.1875
0.375
-0.523438
0.791016
-0.0820312
0.71875
-0.167969
-0.046875
0.5
-0.160156
-0.0761719
-0.0234375
-0.867188
0.958984
-0.328125
-0.414062
0.937988
0.507812
0.59375
-0.043457
0.234375
-0.0703125
0.53125
0.691406
0.3125
0.638672
0.0390625
0.109375
-0.929688
-0.453125
-0.914062
-0.621094
-0.546875
0.8125
-0.125
-0.669922
0.523438
0.25
-0.0776367
0.8125
-0.046875
-0.510742
0.398438
-0.257812
0.240234
-0.59375
-0.804688
-0.501953
0.0898438
-0.0859375
-0.664062
-0.316406
0.484375
-0.714844
-0.445312
-0.90625
-0.0429688
0.916016
0.84375
0.421875
-0.286621
-0.101562
-0.484375
-0.469238
-0.53125
0.171875
-0.445312
-0.640625
-0.0078125
0.714844
-0.359375
-0.765625
-0.988281
0.414062
0.789062
0.121094
0.998047
0.289062
-0.597656
0.351562
0.234375
0.359375
0.103027
-0.648438
-0.960938
-0.966797
0.203125
0.3125
0.0332031
0.972656
0.148438
0.751953
0.804688
0.460938
-0.148438
0.121094
-0.898438
0.449219
0.957031
-0.945312
0.0078125
0.802734
0.226562
-0.546875
0.707031
-0.515625
0.359375
0.757568
0.554688
0.835938
-0.933594
-0.34375
0.382812
0.0292969
0.507812
-0.976562
0.15625
0.777344
-0.117188
0.945312
0.53125
0.867188
-0.136719
-0.332031
-0.195312
0.109375
-0.19043
-0.429688
0.3125
-0.848145
0.28125
0.375
-0.912109
0.726562
0.429688
0.994141
0.457031
0.304688
0.933594
0.839844
-0.8125
-0.28125
0.578125
-0.046875
0.941406
0.158203
-0.335938
0.984375
0.418945
-0.484375
0.90625
-0.838135
-0.765625
0.0859375
-0.441406
-0.0742188
-0.609375
0.119141
0.25
-0.453125
0.945312
-0.921875
0.765625
-0.523438
-0.367188
0.46875
-0.378906
-0.236328
-0.601562
-0.789062
0.557617
-0.75
0.0234375
0.354736
0.929688
-0.25
0.94043
0.355469
0.164062
0.6875
-0.585938
-0.59375
0.15625
-0.574219
0.734375
-0.496094
0.882812
-0.125
0.410156
0.515625
-1
-0.679688
-0.677734
0.179688
0.875
0.239014
-0.804688
0.132812
-0.506836
0.492188
0.882812
0.525391
0.496094
0.84375
-0.183594
-0.285156
-0.09375
-0.710938
-0.179688
-1
-0.976562
-0.919922
-0.835938
-0.640625
-0.121094
0.179688
0.421875
-0.885086
0.421875
0.242188
-0.917969
-0.492188
-0.523438
0.283203
0.0429688
-0.296875
-0.914062
-0.542969
0.09375
0.199219
0.308594
0.90625
0.0429688
-0.605469
0.101562
0.765625
-0.111328
-0.304688
0.0390625
-0.483154
0.195312
-0.851562
-0.626953
-0.3125
0.734375
0.796875
0.878906
0.96875
-0.808594
-0.902344
0.46875
-0.0195312
0.667969
0.390625
0.445312
0.115234
-0.765625
0.242188
-0.704102
0.15625
-0.234375
-0.0793457
-0.992188
-0.335938
-0.9375
-0.125
0.507812
0.275391
0.75
-0.875
-0.722656
0.542969
0.789062
0.21875
-0.703125
-0.890625
-0.527344
0.337891
0.8125
-0.351562
0.618164
0.28125
0.132812
0.518799
-0.046875
-0.648438
-0.335938
-0.171875
0.796875
0.445312
-0.976562
0.0078125
-0.464844
-0.347656
0.875
-0.847656
-0.261719
0.578125
0.25
-0.679688
-0.242188
-0.480469
0.306641
0.96875
0.3125
-0.753662
0.953125
-0.210938
0.385742
-0.859375
-0.609375
-0.896484
-0.140625
-0.390625
0.289062
0.261719
-1
-0.03125
0.285156
0.546875
0.332031
0.871094
-0.976562
0.285156
-0.0234375
0.109375
0.867188
0.740479
0.234375
0.945312
0.838867
-0.78125
0.929688
-0.982422
0.570312
0.03125
-0.710938
-0.230469
0.515625
0.378906
0.582031
-0.5
0.8125
-0.855469
0.851562
0.875
0.447266
0.4375
0.359375
-0.405273
0.515625
0.414062
0.580078
-0.976562
0.28125
-0.75
-0.261719
-0.945312
-0.328125
0.214844
-0.875
-0.132812
-0.285156
-0.71875
0.253906
0.558594
0.609375
-0.980469
0.457031
-0.617188
-0.0234375
-0.303711
0.773438
0.15625
-0.587891
0.171875
0.976562
0.0449219
-0.816406
-0.859375
0.890625
-0.160156
0.0703125
-0.757812
0.773438
-0.890625
0.511719
0.0703125
0.625
-0.0078125
-0.75
0.398438
0.164062
-0.554688
-0.0703125
-0.679688
-0.855957
-0.820312
-0.671875
-0.822266
0.734375
-0.625
0.980469
0.0195312
-0.117188
0.339844
0.0117188
-0.65625
0.835938
0.912109
-0.554688
0.160156
0.509766
0.257812
-0.820312
0.91748
-0.65625
-0.804688
-0.165527
0.976562
0.78125
-0.96875
0.488281
-0.585938
0.798828
0.265625
-1
-0.671875
-0.113281
-0.640625
-0.261719
0.544922
-0.804688
0.496094
0.216797
0.640625
0.0234375
-0.731934
-0.570312
0.273438
-0.397461
-0.664062
0.710938
-0.625
-0.796875
0.476562
-0.257812
-0.726562
-0.710938
-0.195312
-0.40625
0.773438
-0.296875
-0.507812
-0.5625
0.078125
0.634766
0.921875
0.1875
-0.0800781
-0.289062
0.304688
0.605225
-0.078125
0.164062
-0.47168
0.15625
0.976562
-0.529297
-0.566406
-0.757812
0.199219
-0.503906
0.21875
0.890625
-0.972656
0.65625
0.0664062
0.890625
-0.96875
0.226562
-0.433594
-0.75
-0.960938
-0.51416
-0.78125
0.609375
0.3125
-0.523438
0.234375
-0.486328
-0.410156
-0.601562
0.699219
0.898438
0.734375
0.460938
-0.148438
0.492188
-0.886719
-0.708984
-0.46875
0.6875
0.202148
-0.351562
-0.273438
0.199219
-0.710938
0.953125
-0.955078
-0.152344
-0.078125
-0.634766
-0.28125
0.773438
-0.570312
-0.824219
-0.710938
0.335938
-0.0546875
-0.898438
0.339844
0.78125
-0.609375
-0.898438
0.823242
-0.390625
-0.632812
0.284424
0.53125
-0.8125
0.453125
-0.113281
0.539062
-0.164062
0.605469
0.25
-0.542969
0.339844
-0.78125
0.703125
-0.472656
0.523438
-0.386719
0.943359
0.234375
0.390625
-0.706055
0.9375
-0.289062
-0.878418
-0.640625
0.953125
-0.883789
-0.757812
0.382812
0.945312
-0.5
-0.476562
0.582031
0.503906
0.09375
0.492188
-0.222656
0.617188
0.96875
-0.546875
-0.414062
0.914062
-0.492188
0.726562
-0.992188
-0.475388
-1
0.65625
0.302734
0.773438
-0.726562
0.251953
-0.0585938
-0.09375
0.507812
0.328125
-0.09375
0.0273438
0.0859375
-0.554688
-0.0507812
0.078125
-0.820312
0.976562
0.720703
-0.632812
0.507812
-0.156189
0.40625
-0.0234375
-0.756836
0.015625
0.492188
0.658203
-0.847656
-0.554688
-0.78125
-0.90625
-0.523438
-0.21875
0.953125
-0.726562
-0.421875
0.40625
-0.539062
-0.0078125
0.0986328
0.796875
-0.296875
0.718384
0.375
-0.804688
0.318359
0.4375
0.289062
0.273438
-0.792969
0.4375
0.296875
-0.726562
-0.726562
0.0351562
-0.921875
-0.796875
0.488281
-0.849609
0.507812
0.132812
-0.0166016
0.75
0.382812
0.842773
0.679688
-0.1875
0.958984
-0.164062
0.382812
-1
-0.964844
0.453125
0.898438
0.523438
-0.960938
0.578125
-0.101562
-0.867188
-0.195312
-0.8125
0.898438
0.679688
-0.904297
0.0234375
-0.8125
-0.608398
0.382812
-0.976562
0.988281
-0.796875
-0.546875
-0.542969
0.0664062
-0.09375
-0.734375
-0.417969
-0.890625
0.3125
0.0664062
-0.289062
-0.398438
0.632812
0.34375
-0.472656
0.616211
0.875
-0.398438
0.622559
0.445312
0.265625
-0.211914
0.414062
0.210938
0.417969
-0.480469
0.46875
-0.833984
0.378906
-0.648438
-0.667969
-0.925781
0.265625
-0.726562
-0.652344
-0.234375
-0.707031
0.962891
0.59375
-0.8125
-0.959473
0.789062
0.359375
0.790527
-0.632812
0.609375
-0.679688
0.152344
0.421875
-0.130859
-0.347656
-0.96875
0.433594
0.617188
0.9375
-0.351562
0.958984
0.8125
0.828125
0.126953
-0.4375
0.460938
-0.330078
-0.0546875
-0.90625
-0.780273
-0.578125
0.109375
-0.621094
0.941406
-0.59375
-0.421875
0.277344
-0.25
0.445312
0.90625
0.703125
-0.398438
0.404297
-0.0546875
0.144531
0.169922
0.679688
-0.585938
-0.812988
-0.664062
-0.59375
0.223145
-0.75
-0.398438
-0.597656
-0.871094
0.0546875
0.552734
-0.117188
0.320312
-0.015625
0.296875
0.828125
-0.960938
0.623047
0.015625
-0.277344
0.0644531
0.640625
-0.78125
0.452148
-0.585938
0.09375
0.800293
0.585938
0.265625
0.382812
-0.328125
-0.820312
-0.316406
-0.175781
0.78125
0.339844
-0.183594
0.484375
0.398438
-0.0878906
-0.671875
-0.394531
-0.787109
0.476562
-0.398438
-0.638672
-0.203125
0.414062
-0.23877
-0.875
0.257812
-0.785156
0.621094
0.90625
-0.236328
0.652344
0.960938
0.542969
0.691406
-0.648438
0.144531
0.0585938
0.0625
-0.164062
-0.0703125
-0.0625
0.171875
-0.546875
-0.914062
-0.976562
0.0319824
-0.398438
0.835938
-0.12207
0.0351562
-0.335938
-0.96875
0.632812
0.484375
-0.558594
0.234375
-0.320312
-0.726562
-0.585938
-0.1875
0
0.552734
0.132812
-0.578125
-0.942383
-0.0703125
-0.390625
-0.124023
-0.726562
0.414062
0.286133
0.3125
-0.898438
-0.0234375
0.363281
0.898438
-0.332031
-0.636719
-0.671875
-0.636719
-0.28125
-0.945312
0.832031
-0.736328
-0.71875
-0.367188
-0.824219
-0.804688
-0.359375
0.439453
0.195312
0.015625
0.352539
0.378906
0.765625
-0.849609
0.316406
0.914062
0.191406
0.574219
0.648438
-0.136719
0.476562
-0.679688
-0.300781
0.673828
-0.179688
0.59375
-0.205078
-0.476562
-0.757812
-0.923706
0.0078125
-0.125
0.154297
-0.128906
0.75
-0.357422
-0.621094
0.09375
0.929688
-0.101562
0.828125
-0.902344
0.0585938
-0.921875
0.363281
-0.40625
0.53125
-0.101562
0.0898438
-0.0546875
-0.296875
-0.482117
0.0859375
-0.0390625
0.273438
-0.992188
0.34375
-0.414062
0.5
0.109375
-0.980469
-0.734375
-0.09375
-0.277344
0.628906
-0.242188
-0.960938
0.0136719
-0.328125
0.8125
-0.895508
0.367188
-0.4375
-0.164124
-0.429688
0.453125
0.310547
0.945312
-0.03125
-0.787109
0.0703125
0.484375
-0.101562
-0.117188
0.09375
-0.261719
-0.476562
0.195312
0.0585938
0.449219
-0.453125
-0.726562
0.670898
-0.445312
0.9375
0.795654
-1
0.90625
0.139648
0.28125
0.289062
-0.115234
0.820312
0.140625
0.367188
0.710938
0.570312
0.460938
-0.566406
-0.945312
0.398438
-0.925781
-0.164062
-0.230469
0.506836
0.257812
0.828125
0.642578
0.242188
-0.0546875
0.301758
-0.75
0.914062
-0.820312
0.835938
0
0.128906
0.914062
0.664062
-0.289062
0.550781
0.484375
-0.453125
-0.636719
0.171875
0.0859375
-0.585938
0.21875
-0.898438
-0.204102
0.6875
-0.976562
0.418945
0.5
0.429688
-0.445312
0.902344
-0.90625
0.667969
-0.691406
-0.960938
-0.324219
0.457031
-0.851562
0.144531
0.308594
0.445312
-0.886719
-0.498047
0.984375
-0.695312
-0.0290527
0.265625
0.15625
-0.364258
0.445312
-0.296875
-0.015625
0.0078125
0.570312
-0.820312
0.578125
0.78125
-0.585938
-0.417969
0.0234375
0.464844
-0.132812
0.289062
0.667969
0.799805
0.140625
-0.078125
0.013916
0.882812
0.53125
-0.416016
-0.046875
0.65625
0.148438
0.386719
-0.96875
0.382812
-0.523438
0.773438
0.957031
-0.734375
-0.0234375
0.644531
0.162109
-0.375
0.542969
-0.375
0.375
-0.734375
0.32373
-0.09375
0.875
-0.160645
0.242188
0.507812
0.107422
-0.046875
0.109375
0.59375
0.480469
0.8125
-0.738281
-0.949219
0.84375
0.449219
-0.478516
-0.21875
-0.679688
-0.710938
-0.507812
-0.898438
0.964355
-0.664062
-0.34375
0.148438
0.984375
0.796875
-0.802734
0.9375
0.0390625
-0.046875
-0.398438
0.4375
-0.128906
-0.585938
-0.5
0.292969
-0.876953
-0.507812
-0.277344
0.408203
0.242188
-1
0.179688
-0.59375
-0.140625
0.410645
0.328125
-0.53125
0.0175781
-0.984375
0.515625
-0.0761719
0.21875
-0.523438
-0.308594
-0.605469
-1
-0.910156
-0.154297
0.53125
0.394531
-0.638672
0.453125
0.375
0.179199
-0.171875
0.617188
0.564941
-0.140625
0.6875
0.203125
0.171875
0.226562
-0.169922
0.0820312
-0.554688
-0.00390625
0.480469
-0.34375
-0.539062
-0.371094
0.15625
0.292969
-0.646484
0.40625
0.78125
0.0102539
0.984375
0.890625
0.875
0.414062
0.765625
0.195312
-0.449219
-0.296875
0.726562
-0.578125
0.796875
-0.878906
-0.972656
0.523438
0.00390625
0.390625
0.429688
0.25
-0.492188
-0.789062
-0.539062
-0.827148
0.109375
-0.351562
-0.669189
0.882812
0.15625
0.717773
-0.230469
-0.304688
0.470703
-0.695312
-0.210938
0.914062
0.0390625
0.414062
0.554688
0.148438
-0.289062
-0.0703125
0.00390625
0.695312
0.914062
0.318359
0.890625
-0.257812
0.761963
0.21875
0.570312
-0.885742
-0.105469
-0.4375
0.529297
-0.3125
0.804688
-0.0351562
0.375
0.59375
0.820312
0.714844
-0.601562
-0.78125
0.185547
-0.101562
0.0390625
-0.554688
-0.0390625
0.984375
0.921875
0.320312
-0.976562
0.250977
-0.605469
0.546875
0.333984
-0.351562
-0.59375
0.183594
-0.328125
-0.585938
-0.0546875
-0.894531
0.25
0.261719
-0.126953
0.96875
-0.289062
-0.414062
-0.664062
0.148438
-0.437134
-0.539062
-0.9375
-0.760742
0.371094
-0.0390625
0.878906
0.636719
-0.429688
0.679688
-0.136719
-0.875
-0.890625
0.355469
-0.664062
-0.34375
-0.134766
0.703125
-0.1875
0.526367
-0.828125
0.890625
-0.157288
0.476562
-0.882812
0.337891
0.726562
0.921875
-0.113281
-0.503906
0.257812
-0.621094
0.957031
0.09375
0.0585938
0.96875
-0.140625
0.953125
0.517578
-0.929688
-0.546875
0.28418
0.539062
-0.132812
0.803665
-0.15625
0.453125
-0.923828
-0.671875
0.78125
-0.677734
-0.0820312
-0.867188
-0.304688
-0.09375
-0.09375
0.488281
0.871094
0.164062
-0.0625
-0.976562
-0.265625
0.476562
-0.0615234
-0.476562
-0.390625
0.565002
-0.398438
0.226562
0.477539
-0.578125
0.945312
-0.423828
-0.792969
0.265625
0.046875
-0.507812
-0.617188
-0.703125
0.183594
0.609375
-0.375
-0.554688
0.867188
0.46875
0.887695
0.6875
0.640625
-0.00366211
-0.859375
0.90625
-0.920898
-0.9375
-0.117188
-0.630859
-0.882812
-0.429688
-0.554688
0.894531
-0.601562
0.546875
-0.175781
-0.171875
0.414062
0.125
-0.851562
-0.304688
-0.8125
0.8125
-0.59375
-0.434326
-0.046875
0.148438
0.204102
-0.828125
0.75
-0.109375
-0.839844
-0.632812
-0.234375
0.867188
0.882812
0.0546875
-0.820312
0.5625
-0.0898438
0.197266
0.203125
-0.914062
-0.0996094
0.0078125
0.203125
0.666748
-0.929688
0.648438
-0.260742
-0.09375
-0.867188
0.576172
-0.0820312
0.945312
0.378906
-0.738281
-0.671875
0.863281
0.773438
0.234375
-0.535156
-0.365234
-0.921875
-0.851562
-0.206055
0.851562
0.554688
-0.650879
-0.203125
0.679688
-0.957031
-0.328125
0.484375
-0.712891
-0.292969
-0.523438
0.0703125
0.671875
-0.914062
0.75
0.394531
-0.21875
-0.574219
0.318359
0.976562
-0.375
-0.212891
0.65625
0.28125
0.312012
-0.609375
-0.101562
-0.469238
0.140625
0.382812
0.462891
-0.0585938
-0.632812
0.947266
-0.613281
-0.65625
-0.960938
-0.71875
-0.632812
-0.542969
-0.00390625
-0.367188
0.523438
-0.703125
-0.546875
-0.671875
0.401367
-0.617188
-0.414062
0.48291
0.609375
0.296875
0.226562
-0.808594
0.507812
0.515625
0.515625
-0.609375
-0.183594
