0.798828
-0.304688
0.492188
0.219482
-0.398438
0.898438
-0.233398
-0.414062
-0.664062
0.707031
-0.488281
-0.21875
-0.777344
-0.597656
-0.0703125
0.371094
0.871094
0.328125
0.460938
0.857422
-0.820312
0.0546875
-0.511719
-0.992188
0.648438
-0.675781
0.382812
0.976562
-0.635742
-0.335938
0.539062
0.882812
-0.113281
-0.132812
-0.519531
-0.898438
-0.703125
0.902344
-0.445312
0.757812
-0.96875
-0.126953
-0.554688
-0.316406
-0.628906
0.601562
-0.109375
0.962158
-0.21875
0.992188
0.722656
0.398438
0.101562
-0.744141
0.0820312
-0.257812
-0.832031
0.28125
-0.6875
-0.65625
0.988281
-0.648438
-0.84375
-0.460938
0.570312
-0.398438
0.56543
-0.539062
-0.0625
-0.995605
-0.03125
-0.828125
-0.0830078
0.203125
0.75
0.919922
0.640625
-0.59375
0.794922
0.40625
0.40625
0.925781
-0.421875
-0.625
0.921875
0.835938
0.757812
0.128906
0.771484
0.835938
-0.171875
0.725098
0.359375
0.5625
0.765625
0.578125
0.875
0.525391
-0.09375
0.726562
0.703125
0.886719
0.71875
0.21875
0.703125
-0.914062
0.761719
-0.960938
0.585938
-0.917969
0.568359
0.5
0.828125
-0.0942383
-0.726562
-0.226562
-0.854004
-0.78125
-0.960938
0.464844
0.3125
-0.132812
0.291016
-0.210938
-0.6875
-0.726562
0.226562
-0.710938
-0.273438
0.755859
-0.601562
0.792969
-0.523438
0.570312
0.03125
-0.970215
-0.890625
-0.15625
0.396973
0.445312
-0.5
0.0566406
0.652344
0.828125
0.28125
-0.382812
-0.515625
0.550781
-0.414062
-0.507812
-0.332031
-0.175781
-0.671875
0.191406
-0.958984
-0.0546875
-0.375
0.514648
0.53125
0.554688
0.540527
0.398438
-0.453125
-0.0175781
-0.761719
-0.828125
-0.478516
0.855469
0.867188
0.367188
-0.0820312
0.5625
-0.976562
-0.837891
-0.757812
0.0117188
-0.0429688
-0.0078125
0.195312
-0.60498
-0.210938
-0.945312
0.0898438
0.289062
-0.195312
-0.638672
-0.046875
0.140625
0.345703
0.847656
-0.382812
-0.078125
-0.789062
0.53125
0.257812
0.341797
0.90625
0.550781
-0.515625
-0.382812
0.570312
-0.708984
-0.0390625
-0.703125
-0.358398
-0.539062
0.46875
-0.0283203
-0.210938
-0.796875
0.0390625
-0.777344
-0.921875
0.632812
-0.929688
-0.789062
0.445312
-0.390625
0.21875
0.152344
0.697266
-0.734375
0.0546875
-0.652344
0.171875
0.429688
0.324463
0.390625
-0.390625
-0.0302734
-0.523438
0.789062
-0.632812
0.984375
-0.953125
-0.0820312
-0.832031
-0.625
0.925781
-0.953125
-0.585938
-0.171875
-0.5625
-0.640625
-0.0078125
0.743164
-0.179688
-0.25
-0.0371094
0.132812
-0.0234375
0.886719
0.277344
-0.140625
-0.626953
0.492188
0.015625
0.496094
0.117188
-0.132812
-0.414062
-0.363281
0.203125
-0.449219
0.162109
0.539062
-0.726562
0.385742
0.0390625
0.210938
-0.419556
-0.976562
0.75
-0.594727
0.894531
0.867188
-0.201172
0.390625
-0.265625
0.0820312
-0.980469
0.234375
0.0546875
0.382812
0.9375
-0.335938
0.425781
-0.992188
0.195312
-0.657227
0.296875
-0.34375
0.999756
0.117188
0.234375
-0.795898
-0.96875
-0.984375
-0.939453
0.308594
-0.289062
0.40625
-0.53125
-0.09375
0.0703125
0.820312
-0.859375
0.570312
0.828125
-0.015625
-0.4375
0.0234375
-0.835938
0.671875
0.360449
0.476562
-0.96875
-0.795898
-0.109375
0.515625
0.103516
-0.550781
-0.375
-0.0117188
0.359375
0.09375
0.078125
0.804688
-0.4375
-0.296875
-0.00585938
0.445312
-0.515625
-0.424805
-0.390625
0.773438
0.279053
-0.84375
-0.53125
-0.576172
0.390625
0.53125
0.658203
0.285156
0.25
0.789062
-0.460938
-0.140625
-0.542969
0.6875
0.945312
-0.433594
-0.839844
-0.273438
0.621094
-0.193359
-0.640625
0.046875
-0.858643
-0.992188
0.242188
0.852539
0.101562
-0.125
0.744141
0.53125
0.648438
-0.796875
0.785156
0.0078125
-0.621094
0.75
-0.648438
-0.425781
-0.34375
-0.5
0.167969
-0.0917969
-0.0390625
0.84375
-0.685791
0.984375
-0.140625
0.0136719
0.664062
0.273438
-0.330078
0.0585938
-0.320312
0.0859375
0.726562
0.78125
-0.640625
0.8125
-0.460938
0.917969
-0.378906
-0.101562
0.109375
-0.772461
0.414062
0.601562
0.399902
0.875
0.1875
-0.0986328
-0.742188
-0.9375
0.185547
-0.0078125
0.734375
-0.726562
-0.121094
0.578125
0.386719
0.667969
0.382812
0.910156
0.960938
0.0703125
0.585938
0.84082
-0.453125
-0.414062
-0.367432
-0.640625
-0.375
-0.543945
0.164062
0.109375
-0.353516
-0.726562
0.101562
0.755859
-0.554688
-0.273438
-0.636719
0.761719
0.875
0.996094
0.673828
0.632812
-0.296875
-0.181641
0.140625
0.632812
0.638672
0.335938
0.664062
-0.136719
-0.960938
0.25
0.904297
0.195312
-0.203125
-0.244141
-0.753906
-0.867188
-0.515625
0.964844
0.695312
-0.664062
-0.556641
0.0078125
-0.929688
0.845703
0.554688
0.726562
0.728516
0.015625
0.976562
0.223145
-0.8125
-0.132812
0.109375
-0.433594
-0.414062
-0.757812
0.0859375
0.859375
-0.960938
0.09375
0.90625
0.167969
0.767578
0.0390625
-0.929688
-0.896484
0.351562
0.390625
0.337402
-0.375
-0.578125
0.236328
-0.867188
-0.421875
-0.636719
-0.515625
-0.257812
0.193359
0.488281
0.304688
-0.871094
0.105469
0.328125
0.453125
0.642578
-0.78125
-0.0703125
0.382812
-0.84375
-0.0234375
0.117188
0.71875
0.15625
0.824707
0.046875
-0.601562
0.601562
0.609375
0.242188
-0.0078125
-0.945312
-0.640625
-0.0351562
0.378906
-0.414062
0.839844
0.378906
0.226562
-0.121094
0.615234
0.890625
0.1875
-0.0239258
0.992188
0.25
0.546387
-0.742188
-0.773438
0.0488281
0.214844
0.476562
0.148438
-0.765625
0.140625
-0.265625
0.5
-0.664062
-0.109375
0.107422
-0.398438
-0.464844
-0.0488281
-0.476562
-0.929688
-0.664062
-0.765625
-0.625
-0.278564
-0.984375
0.523438
0.624023
0.0195312
0.15625
-0.537109
0.714844
-0.8125
-0.277344
-0.796875
0.890625
-0.613281
-0.0507812
-0.695312
-0.226562
-0.138672
-0.421875
0.296875
0.0283203
0.640625
0.914062
0.313477
-0.882812
-0.625
-0.567383
0.726562
-0.125
-0.859375
-0.933594
0.664062
-0.28125
0.570312
0.546875
-0.75
-0.617188
-0.960938
0.226562
0.00976562
-0.171875
-0.320312
-0.120117
-0.65625
0.882812
-0.601562
0.382812
-0.9375
-0.28418
-0.503906
-0.539062
0.115234
-0.527344
0.296875
-0.125
0.136719
0.1875
0.222656
-0.0625
-0.640625
0.40625
0.386719
0.25
-0.960938
0.995117
0.820312
-0.828125
-0.941284
0.445312
0.1875
-0.0107422
-0.65625
-0.164062
0.720703
-0.371094
-0.0703125
-0.46875
0.738281
-0.28125
0.144531
0.03125
-0.53125
0.363281
-0.966797
0.21875
-0.484375
-0.726562
0.828125
0.9375
0.36084
0.4375
0.84375
-0.594727
0.710938
0.265625
0.412109
-0.308594
0.648438
-0.0078125
0.757812
0.09375
-0.285156
0.773438
0.476562
-0.585938
-0.302734
0.757812
0.710938
-0.635742
-0.265625
0.75
0.279102
0.945312
-0.132812
0.182617
0.382812
0.226562
0.431641
0.539062
-0.0078125
-0.394531
-0.570312
-0.09375
0.152344
-0.410156
0.796875
0.289062
-0.523438
0.835938
0.257812
-0.96582
-0.53125
-0.21875
-0.918396
-0.5625
-0.34375
-0.807617
-0.679688
0.695312
0.800781
-0.261719
0.15625
-0.375
0.660156
0.09375
0.300781
0.925781
0.71875
0.453125
-0.636719
0.976562
-0.386719
-0.414062
-0.414062
-0.585938
-0.502319
0.375
0.617188
0.52832
0.203125
0.921875
-0.195312
-0.570312
0.914062
0.375
-0.972656
0.0546875
0.871094
-0.378906
0.960938
0.390625
-0.169922
-0.179688
-0.386719
0.693359
-0.921875
-0.320312
0.0471191
-0.351562
-0.695312
0.608398
-0.992188
0.90625
-0.222656
0
0.765625
0.347656
-0.550781
-0.851562
0.375
0.820312
0.171875
-0.867188
0.886719
0.757812
0.09375
0.174805
0.578125
0.898438
0.238037
0.46875
0.625
-0.526367
-0.90625
-0.21875
0.373047
-0.0664062
0.789062
0.285156
-0.0429688
-0.46875
-0.113281
-0.3125
-0.117188
-0.976562
0.539062
-0.703125
-0.773438
-0.24707
-0.554688
0.890625
-0.269531
-0.679688
-0.429688
-0.828125
-0.53125
-0.96875
-0.208984
0.820312
0.398438
-0.304688
0.699219
0.148438
0.347656
0.890625
0.882812
-0.914062
-0.179688
-0.015625
0.472656
-0.408203
0.890625
0.914062
-0.00341797
0.96875
0.117188
-0.492188
-0.65625
0.632812
-0.333984
-0.300781
-0.320312
-0.216797
0.617188
-0.976562
0.816406
-0.632812
-0.476562
0.582031
0.0800781
-0.59375
0.773438
-0.261719
0.390625
-0.289062
0.636719
0.703125
0.265625
0.407715
0.414062
-0.773438
-0.685547
0.558594
0.960938
-0.773438
0.03125
0.96875
0.652344
-0.417969
0.890625
-0.0585938
-0.291016
0.53125
-0.933594
0.316406
0.71875
-0.8125
0.295898
-0.359375
-0.6875
-0.868652
-0.710938
-0.648438
-0.78125
0.378906
-0.3125
-0.671875
-0.597656
-0.109375
-0.804688
0.207031
-0.15625
-0.574219
0.888672
0.234375
-0.046875
0.191406
-0.25
0.421875
-0.748047
0.0390625
-0.875
-0.19043
-0.484375
-0.34375
0.8125
-0.457031
0.359375
0.490234
-0.957031
0.421875
-0.296875
-0.679688
0.257812
-0.707031
0.0820312
0.296875
0.226562
0.814453
0.226562
-0.570312
0.653809
0.234375
0.4375
0.817871
-0.796875
-0.265625
0.541016
-0.382812
0.914062
-0.638672
0.691406
0.109375
0.609375
-0.214844
0.789062
-0.0390625
-0.558594
-0.09375
0.375
0.613281
-0.671875
-0.703125
0.0361328
-0.4375
-0.0546875
0.915283
0.5
0.484375
0.782227
0.164062
0.476562
-0.960938
-0.652344
0.546875
-0.0742188
0.515625
-1
0.773438
0.496094
-0.828125
0.296875
-0.419922
-0.40625
-0.640625
0.59668
0.539062
-0.265625
-0.951416
-0.617188
-0.359375
-0.833008
-0.933594
-0.53125
0.353516
0.882812
-0.375
0.648438
-0.304688
-0.476562
0.570312
0.183594
0.507812
-0.285156
0.544922
0.984375
0.648438
-0.501953
-0.507812
0.476562
-0.76001
-0.898438
-0.09375
-0.317383
0.722656
-0.773438
0.398438
0.566406
-0.617188
-0.253906
-0.390625
-0.25
-0.0390625
0.484375
-0.929688
-0.367188
-0.931641
0.960938
0.648438
-0.375977
0.320312
-0.554688
0.302246
0.09375
0.867188
0.617188
0.414062
-0.539062
0.757812
0.351562
0.40625
0.851562
-0.5
0.335938
-0.347656
-0.445312
0.125
-0.386719
-0.494141
0.554688
0.78125
0.111328
0.0546875
0.46875
0.278564
-0.992188
0.0859375
-0.0146484
-0.453125
0.460938
0.115234
0.3125
0.992188
-0.386719
-0.984375
-0.09375
0.503906
-0.371094
-0.0859375
0.59375
-0.232422
0.492188
-0.984375
-0.750977
-0.640625
-0.179688
-0.918652
-0.367188
-0.773438
0.430664
-0.664062
-0.984375
-0.966797
-0.53125
0.390625
0.796875
0.789062
0.09375
-0.378906
0.015625
0.84375
-0.285156
-0.949219
-0.109375
-0.0078125
0.356445
-0.546875
-0.335938
-0.442139
-0.03125
-0.773438
0.191406
0.976562
0.0703125
-0.261719
0.234375
-0.570312
-0.0429688
-0.867188
-0.0390625
-0.0625
-0.539062
-0.382812
-0.476562
0.117188
0.320312
0.136719
-0.991211
-0.53125
-0.882812
-0.136841
0.242188
0.523438
0.0917969
-0.515625
0.289062
-0.349609
0.613281
-0.492188
0.0507812
-0.835938
-0.117188
0.875
0
0.726562
-0.355469
0.685547
0.867188
0.609375
0.704102
-0.109375
-0.195312
0.591553
-0.28125
-0.46875
0.768555
-0.671875
-0.09375
0.773438
-0.0546875
0.78125
-0.78125
0.375
0.929688
-0.109375
-0.460938
0.117188
0.816406
0.607422
0.578125
-0.300781
0.423828
0.4375
-0.40625
-0.875977
0.179688
0.554688
-0.848633
0.5625
-0.617188
-0.931641
0.136719
-0.3125
0.15625
0.203125
0.367188
-0.167969
-0.0429688
-0.15625
-0.957031
-0.0410156
-0.65625
0.964844
-0.34668
-0.4375
0.632812
0.906494
0.015625
-0.78125
0.201172
0.890625
-0.171875
0.775391
-0.910156
-0.898438
-0.146484
-0.851562
-0.0234375
-0.0585938
-0.546875
-0.632812
0.835938
-0.310547
-0.59375
-0.640625
0.996094
0.078125
-0.453125
-0.632812
-0.28125
-0.890625
-0.878418
0.273438
0.484375
-0.234375
0.40625
0.84375
0.675781
-0.484375
0.828125
0.882812
0.300781
0.25
-0.488281
0.402344
-0.8125
-0.617188
-0.322266
0.65625
-0.148438
-0.00244141
0.585938
0.492188
0.960449
-0.015625
-0.328125
-0.740234
-0.679688
0.492188
0.306641
-0.152344
-0.796875
-0.339844
0.738281
-0.695312
-0.046875
-0.185547
0.898438
0.796875
0.263672
0.203125
-0.765625
-0.928711
-0.90625
-0.046875
-0.498535
0.289062
-0.273438
0.201172
-0.242188
0.875
-0.853516
0.703125
-0.0859375
0.484375
-0.515625
-0.0234375
0.699219
-0.421875
0.3125
0.179688
-0.755859
-0.648438
-0.820312
-0.621094
-0.796875
-0.414062
-0.443848
0.921875
-0.710938
-0.226562
0.296875
-0.945312
-0.974609
0.867188
-0.195312
0.628906
0.976562
-0.109375
0.574219
-0.541016
-0.8125
-0.328125
-0.246094
0.65625
0.953125
0.717285
0.539062
0.867188
-0.182129
0.335938
-0.710938
0.869141
0.558594
-0.304688
-0.871094
-0.609375
-0.351562
-0.957031
-0.0742188
-0.921875
0.1875
-0.990234
0.59375
-0.289062
0.822266
-0.1875
0.34375
0.59082
-0.351562
0.726562
0.447754
-0.0234375
0.5
-0.188477
-0.355469
0.882812
0.462891
0.585938
-0.273438
0.429688
-0.242188
-0.898438
-0.9375
-0.9375
0.351562
-0.371094
0.978516
-0.75
0.984375
0.77832
0.28125
-0.390625
-0.410645
0.125
-0.65625
0.235352
-0.863281
-0.8125
0.152344
-0.832031
0.078125
0.988281
0.0429688
0.398438
-0.394531
0.25
-0.046875
0.339844
0.904297
0.195312
-0.976562
-0.875977
-0.335938
0.15625
0.121338
-0.585938
-0.867188
0.920898
-0.945312
0.09375
-0.912109
-0.601562
0.929688
0.628906
0.636719
0.3125
-0.152344
-0.90625
0.5
0.328125
-0.519531
-0.164062
-0.34375
-0.244141
0.539062
-0.0546875
0.336914
-0.625
0.0859375
0.776367
-0.179688
-0.757812
-0.238281
-0.335938
-0.75
0.761719
0.261719
-0.382812
0.546875
0.859375
0.28125
0.417969
-0.046875
0.679688
0.929688
0.504883
-0.9375
0.125
-0.917969
-0.453125
-1
0.625
0.195312
0.8125
-0.642578
-0.320312
-0.632812
0.78125
-0.785156
0.09375
-0.714844
-0.0351562
-0.289062
-0.609375
0.763672
0.257812
-0.742188
0.137695
-0.460938
-0.398438
-0.441798
-0.203125
-0.328125
0.957031
0.9375
-0.273438
-0.501953
0.519531
-0.78125
0.792969
-1
-0.09375
0.605469
0.378906
-0.484375
0.277344
0.421875
-0.617188
-0.25
0.25293
-0.382812
0.890625
-0.197266
0.625
-0.109375
0.424805
0.726562
-0.84375
-0.279297
-0.210938
0.976562
0.453125
-0.933594
-0.0078125
-0.179688
0.15625
0.046875
0.496094
0.404297
0.382812
0.0976562
0.385742
-0.523438
0.34375
0.775879
-0.851562
0.328125
-0.710938
0.828125
0.515625
0.898438
-0.652344
0.0546875
-0.476562
0.652344
0.171875
-0.621094
0.375
-0.414062
0.316406
0.800781
0.453125
-0.835938
-0.102539
-0.859375
0.703125
0.77002
0.914062
-0.375
-0.147461
0.351562
-0.726562
0.671875
0.113281
-0.328125
-0.785156
-0.199219
0.992188
-0.152344
0.09375
-0.414062
-0.765625
-0.101562
0.078125
0.507812
0.978516
0.554688
-0.09375
-0.496582
-0.84375
0.257812
0.224609
-0.21875
-0.546875
-0.507812
-0.210938
-0.164062
-0.597656
-0.367188
-0.257812
0.441406
0.394531
0.421875
0.898438
-0.457031
0.0234375
0.851562
0.94043
-0.578125
-0.15625
0.456787
0.664062
-0.015625
0.425781
0.742188
-0.6875
0.662109
0.996094
-0.601562
0.595703
-1
-0.109375
-0.226562
0.203125
0.390625
-0.757812
0.802734
-0.789062
0.808594
0.414062
0.953125
0
-0.731934
-0.414062
-0.335938
0.249023
0.109375
0.398438
0.804688
-0.515625
0.640625
0.867188
0.347656
-0.671875
-0.585938
0.03125
-0.03125
0.394531
-0.884766
0.226562
0.464844
0.908203
0.289062
0.585938
-0.631836
0.125
0.757812
-0.32959
-0.382812
-0.578125
0.166016
0.800781
0.046875
0.164062
0.277344
0.617188
0.03125
0.941406
0.5
0.15625
0.660156
-0.335938
-0.65625
-0.84375
0.867188
0.34375
-0.437988
0.171875
0.78125
-0.134277
0.132812
-0.796875
0.378906
0.101562
0.554688
0.378906
-0.8125
0.289062
-0.164062
0.828125
0.195312
-0.820312
-0.0488281
-0.851562
-0.296875
-0.667969
-0.445312
-0.773438
-0.0102539
-0.453125
-0.304688
