0.992188
0.460938
0.152344
0.964844
0.0625
0.800781
0.185547
-0.804688
-0.0351562
0.320312
0.75
0.109375
-0.319336
0.71875
0.304688
0.0498047
-0.992188
0.921875
0.786133
0.257812
-0.234375
0.0507812
-0.015625
0.46875
-0.398438
0.222656
-0.484375
0.921875
-0.90625
0.179688
-0.46875
0.292969
-0.179688
-0.109375
0.77832
-0.164062
-0.109375
-0.150635
0.289062
0.796875
-0.53125
-0.285156
0.5
0.794922
-0.671875
-0.578125
-0.261719
-0.890625
0.867188
-0.566406
0.246094
-0.804688
-0.339844
-0.599609
-0.882812
0.773438
-0.496094
-0.257812
-0.195312
0.480469
0.757812
-0.851562
-0.916016
-0.648438
-0.132812
0.492188
-0.980469
-0.125
-0.113281
-0.90625
-0.632812
0.0703125
-0.257812
0.664062
0.527344
0.666016
0.476562
-0.140625
-0.592773
0.515625
0.648438
-0.977905
-0.125
-0.796875
-0.50293
0.507812
-0.851562
0.146484
-0.992188
-0.367188
-0.542969
-0.882812
-0.148438
0.597656
0.996094
0.234375
-0.125
-0.548828
-0.609375
0.25
0.547852
-0.578125
0.734375
-0.414551
-0.210938
0.164062
0.853516
0.765625
0.429688
-0.771484
0.539062
0.0546875
0.277344
0.328125
-0.09375
0.511719
-0.511719
0.09375
-0.804688
0.300781
-0.6875
0.867188
0.576172
0.429688
0.09375
-0.233536
0.296875
0.71875
-0.183594
0.820312
-0.609375
-0.5625
0.386719
-0.953125
0.855469
0.542969
0.09375
0.679688
0.871094
0.367188
0.238281
0.0175781
-0.59375
0.851562
-0.716797
-0.03125
0.84375
0.861816
-0.164062
0.164062
0.56543
0.804688
-0.648438
-0.199219
0.175781
-0.929688
-0.796875
0.328125
-0.289062
-0.203125
-0.140625
0.375
-0.125
-0.351562
0.46875
0.574219
-0.1875
-0.632812
0.5
0.584839
-0.164062
-0.851562
-0.0595703
0.335938
-0.65625
-0.886719
-0.183594
-0.421875
-0.507812
0.996094
-0.554688
0.113281
0.351562
-0.3125
0.398438
0.634766
-0.953125
0.898438
0.193359
-0.429688
-0.140625
-0.168213
0.648438
-0.640625
0.719727
-0.195312
0.484375
-0.248047
-0.425781
-0.992188
-0.894531
-0.484375
0.859375
-0.449219
0.433594
-0.554688
0.972656
-0.802734
0.0703125
0.691406
0.642578
-0.835938
0.125
-0.0471191
0.75
0.28125
-0.609375
0.734375
-0.84375
-0.341797
-0.3125
-0.835938
0.945312
0.0859375
0.351562
-0.710938
-0.15625
0.242188
-0.0390625
0.814453
0.171875
0.71875
-0.249023
0.445312
-0.476562
0.0231934
-0.0390625
-0.046875
-0.211914
0.078125
-0.320312
0.595703
0.355469
-0.0703125
0.423828
0.261719
-0.28125
-0.660156
0.765625
-0.75
0.839844
-0.605469
0.25
0.863281
0.574219
-0.40625
-0.75
0.342773
-0.726562
-0.09375
-0.318848
-0.28125
0.992188
-0.455078
0.339844
-0.289062
0.740234
-0.605469
-0.640625
0.617188
-0.21875
0.0859375
0.566406
0.119141
0.65625
0.632812
0.441406
0.75
-0.460938
0.915527
-0.476562
0.164062
0.25293
-0.0859375
0.789062
-0.132812
0.183594
-0.0625
-0.376953
0.992188
0.398438
0.761719
0.441406
-0.257812
-0.140625
0.703125
-0.882812
0.765625
-0.863281
0.5
0.148438
0.264648
-0.335938
-0.195312
0.342285
0.992188
0.992188
-0.761719
0.136719
-0.875
0.433594
0.515625
-1
0.554688
0.613281
-0.734375
-0.167969
0.09375
0.398438
0.984375
0.742188
0.6875
-0.367188
0.0551758
-0.890625
0.226562
0.599121
-0.382812
-0.351562
-0.902344
0.691406
-0.875
-0.845703
0.105469
0.4375
-0.621094
-0.992188
0.875
0.414062
-0.435547
0.789062
0.0625
-0.142578
-0.304688
-0.875
0.187988
0.15625
-0.273438
0.868164
0.242188
-0.671875
-0.800781
-0.597656
-0.6875
-0.427734
-0.917969
-0.710938
-0.5
0.753906
-0.179688
-0.648438
0.261719
-0.703125
0.121094
-0.884766
0.40625
-0.476562
0.945312
0.484375
0.359375
-0.687012
-0.53125
0.0703125
-0.191406
-0.449219
-0.414062
-0.552734
-0.046875
-0.195312
0.757812
0.0507812
0.585938
0.914062
0.46875
-0.648438
0.402344
0.265625
-0.984375
0.453125
0.59668
0.984375
-0.539062
0.788574
-0.796875
0.1875
-0.0693359
0.496094
0.164062
-0.285156
0.714844
0.28125
-0.105469
0.628906
-0.929688
0.742188
0.183594
-0.75
0.386719
0.0488281
0.0703125
0.90625
-0.881836
-0.578125
0.820312
0.880615
-0.234375
-0.109375
-0.479492
0.421875
-0.546875
0.994141
0.949219
0.445312
0.492188
-0.84375
0.6875
-0.269531
-0.167969
0.90625
-0.5625
-0.121094
0.3125
0.445312
-0.0244141
0.351562
0.742188
-0.393188
-0.414062
-0.265625
-0.103516
-0.261719
-0.445312
0.375
-0.988281
0.0234375
0.152344
0.652344
0.109375
-0.390625
-0.585938
0.171875
0.148438
0.0078125
-0.148438
-0.53125
0.0683594
-0.3125
-0.148438
-0.224915
0.773438
0.921875
-0.242188
0.976562
0.835938
0.244141
-0.542969
0.3125
0.121094
-0.105469
0.09375
-0.730469
0.109375
-0.46875
0.804688
0.232422
-0.570312
-0.59375
0.811523
0.476562
-0.65625
0.873047
-0.875
0.179688
-0.429688
-0.539062
-0.640625
-0.902344
-0.398438
0.5625
0.738281
-0.753906
-0.09375
-0.445312
-0.480469
-0.015625
-0.246094
-0.542969
-0.125
0.898438
-0.675781
-0.898438
-0.296875
0.49884
0.757812
0.960938
0.0498047
0.898438
-0.132812
-0.34375
-0.144531
-0.65625
-0.785156
-0.132812
0.234375
-0.0429688
-0.242188
-0.703125
0.148438
0.871094
0.234375
-0.34375
0.285156
-0.5625
0.0429688
-0.861328
-0.734375
-0.0625
-0.529297
0.335938
-0.546875
0.469971
0.265625
0.820312
-0.273438
0.664062
0.578125
0.992188
0.527344
0.984375
-0.539062
0.121094
-0.09375
0.765625
0.269531
-0.929688
-0.859375
0.560547
-0.742188
-0.976562
-0.322266
-0.3125
-0.460938
0.882599
-0.335938
-0.109375
0.90332
-0.945312
-0.570312
-0.273438
0.277344
-0.0703125
-0.40625
0.855469
0.09375
0.519531
0.015625
-0.789062
0.175781
-0.179688
-0.359375
0.828125
0.154297
0.539062
-0.765625
-0.253174
0.625
-0.835938
-0.498047
0.429688
-0.851562
-0.527344
0.421875
0.375
0.535156
-0.0820312
-0.703125
-0.140625
0.796875
-0.28125
0.0742188
-0.197266
0.046875
0.457031
0.970703
0.96875
0.257812
-0.303467
0.890625
-0.015625
0.980469
0.851562
-0.257812
-0.498047
-0.542969
0.09375
0.0859375
-0.488281
-0.125
0.160156
-0.664062
0.15625
0.0859375
0.539062
-0.351562
-0.855469
0.993164
-0.203125
-0.0625
0.724121
-0.242188
0.695312
-0.298828
-0.859375
-0.078125
-0.685547
0.0625
0.679688
0.582031
0.886719
0.1875
-0.585938
-0.46875
-0.84375
-0.597656
-0.763672
-0.710938
0.292969
-0.133789
-0.898438
0.195312
-0.946045
-0.523438
0.78125
0.388672
-0.453125
-0.09375
0.140625
-0.929688
-0.695312
-0.609375
0.8125
-0.757812
-0.476562
0.65625
0.34375
-0.585938
0.833984
-0.875
-0.753906
0.494141
0.328125
-0.695312
0.928955
-0.609375
-0.375
0.80957
-0.882812
0.757812
0.0683594
-0.902344
-0.03125
0.046875
-0.570312
0.640625
-0.976562
0.046875
-0.664062
-0.496094
-0.689453
-0.882812
0.199219
-0.134766
-0.117188
-0.375
-0.573242
-0.320312
0.0703125
0.653809
0.828125
0.09375
0.113281
-0.53125
-0.515625
-0.953125
0.335938
0.625
-0.960938
0.421875
-0.1875
-0.210938
0.263672
-0.0234375
-0.566406
-0.886719
0.289062
-0.984375
-0.156738
-0.71875
0.164062
-0.693848
0.664062
-0.484375
-0.744141
-0.820312
0.34375
-0.621094
-0.0585938
0.953125
0.253906
-0.109375
0.203125
0.742188
0.484375
-0.382812
-0.164062
0.505859
-0.867188
0.828125
-0.675781
-0.25
-0.367188
-0.724609
0.390625
0.4375
-0.121094
0.992188
0.539062
0.611328
-0.3125
0.632812
-0.847656
-0.925781
0.617188
0.832031
0.367188
0.0859375
0.0507812
-0.666016
-0.125
0.8125
-0.990234
-0.804688
0.554688
-0.322266
0.0625
0.0234375
0.40625
-0.0390625
-0.109375
-0.958984
0.824219
0.625
0.691406
0.636719
-0.289062
-0.472656
-0.777344
0.914062
0.871094
-0.681641
0.6875
0.09375
-0.781738
-0.0859375
-0.757812
-0.220703
-0.046875
-0.867188
-0.0742188
-0.00390625
0.359375
-0.365234
0.488281
-0.703125
0.277344
-0.964844
0.796875
0.132812
0.671875
-0.648438
-0.558594
-0.378906
-0.765625
0.40625
-0.0664062
0.890625
-0.984375
0.4104
-0.382812
0.09375
-0.0546875
0.617188
0.847656
-0.875
-0.578125
0.921875
-0.761719
0.0625
0.25
-0.228516
-0.554688
-0.632812
0.283203
0.578125
-0.5625
0.367676
-0.40625
0.929688
-0.975098
-0.5625
-0.0625
-0.65625
-0.277344
0.296875
-0.912109
-0.621094
-0.796875
-0.230469
-0.304688
0.90625
0.0429688
-0.558594
-0.945312
0.898438
-0.169922
0.21875
0.757812
-0.685547
-0.351562
-0.9375
0.0356445
-0.0546875
-0.59375
0.316406
-0.53125
-0.523438
-0.666016
-0.0195312
-0.671875
0.296875
0.699219
0.96875
-0.277344
0.892578
-0.273438
0.0390625
-0.425781
-0.570312
0.5
0.44043
-0.9375
0.953125
0.495605
0.21875
-0.359375
-0.609375
0.425781
0.0703125
-0.0664062
0.839844
0.960938
0.84375
-0.46875
0.304688
0.492188
-0.708984
0.210938
-0.207031
-0.552734
0.453125
0.835938
0.428711
0.320312
0.96875
-0.675781
0.046875
0.929688
-0.40332
0.644531
-0.945312
-0.945312
0.105469
-0.078125
0.886719
-0.320312
-0.6875
-0.75
-0.03125
-0.882812
-0.335938
-0.822266
0.15625
-0.796875
0.0273438
0.1875
-0.8125
0.573242
-0.710938
0.835938
0.667969
-0.707031
-0.828125
-0.222656
-0.757812
0.015625
0.472656
-0.371094
-1
-0.921875
-0.617188
0.304688
-0.441406
0.503906
0.734375
-0.585938
0.260742
-0.570312
0.546875
-0.241943
-0.289062
-0.929688
-0.123047
-0.195312
-0.765625
-0.476562
-0.921875
-0.765625
-0.867188
0.589844
-0.742188
0.460938
0.585938
-0.484375
0.597656
-0.421875
0.898438
-0.75
0.642578
0.789062
-0.132812
-0.246094
0.953125
-0.671875
0.711914
0.0195312
-0.265625
-0.896484
0.972656
0.328125
0.234375
-0.414062
-0.0546875
0.1875
0.171875
-0.570312
-0.171875
0.529297
0.914062
0.820312
-0.683594
-0.804688
-0.4375
0.864319
0.671875
0
-0.368164
-0.710938
-0.101562
0.287109
0.539062
-0.679688
-0.515625
-0.117188
-0.09375
0.945312
0.292969
0.851562
-0.796875
-0.765625
-0.171875
0.320312
-0.200195
0.609375
-0.773438
0.487442
-0.546875
0.921875
-0.96582
0.25
-0.117188
0.367188
0.414062
-0.171875
-0.332031
0.964844
0.09375
0.210938
0.0898438
-0.34375
0.257812
-0.929688
0.851562
-0.648438
0.0673828
-0.179688
-0.257812
0.140503
0.640625
-0.0859375
-0.667969
-0.601562
0.90625
0.886719
0.117188
0.25
0.367188
-0.0625
-0.1875
0.285156
0.625
-0.960938
-0.171875
0.609375
-0.929688
0.105469
-0.978516
-0.523438
-0.445312
-0.693237
-0.929688
-0.554688
-0.819336
-0.296875
-0.25
0.015625
-0.0898438
0.445312
0.34375
-0.632812
-0.664062
-0.398438
-0.394531
-0.929688
0.476562
-0.339844
0.398438
-0.667969
0.989258
-0.484375
0.835938
-0.891357
-0.632812
-0.976562
-0.525391
0.46875
0.132812
0.861328
-0.550781
0.0859375
0.234375
-0.828125
-0.976562
0.0820312
-0.84375
0.015625
0.863281
0.1875
0.765625
0.292969
-0.163086
-0.828125
-0.890625
0.677734
0.0703125
0.664062
0.640625
0.03125
-0.523438
0.537109
-0.164062
0.125
-0.164062
0.402344
0.132812
0.730469
-0.859375
-0.28125
0.0976562
-0.191406
-0.570312
-0.917969
0.564453
0.46875
0.570312
-0.713867
0.601562
-0.460938
0.533203
0.8125
-0.585938
-0.271484
0.167969
0.921875
-0.482422
-0.03125
-0.0078125
-0.078125
-0.550781
-0.273438
0.675781
0.416016
-0.960938
0.527344
-0.248047
-0.476562
0.15625
-0.928223
0.671875
0.359375
0.94043
0.9375
-0.78125
0.400391
0.558594
0.765625
-0.337891
-0.34375
-0.953125
0.015625
-0.878906
-0.34375
0.761719
-0.917969
-0.171875
0.933594
-0.724609
0.867188
0.671875
0.184082
0.0859375
-0.328125
-1
0.734375
0.609375
-0.980469
-0.0742188
0.835938
0.681641
0.757812
0.765625
-0.609375
-0.921875
0.132812
-0.359375
-0.244141
0
0.5
0.294922
0.335938
0.984375
0.999023
-0.851562
0.34375
-0.391113
0.132812
-0.875
0.0761719
0.421875
0.273438
-0.611328
0.722656
0.585938
-0.09375
-0.00390625
0.929688
0.078125
-0.976562
-0.523438
-0.78125
-0.404297
0.882812
0.84375
-0.684082
0.548828
0.355469
-0.453125
-0.296875
-0.480469
-0.601562
0.339844
-0.433594
0.382812
0.0234375
0.763672
0.65625
-0.0078125
0.180664
-0.929688
-0.679688
0.418579
0.125
0.273438
0.220703
0.226562
0.140625
0.404297
-0.449219
0.960938
0.933594
-0.117188
-0.234375
-0.355469
0.589844
-0.460938
0.164062
-0.4375
0.992188
-0.417969
-0.209961
-0.257812
0.921875
0.0012207
0.476562
0.359375
0.456055
-0.1875
-0.445312
0.423828
-0.0625
-0.242188
-0.292969
0.539062
0.359375
-0.0546875
0.257812
-0.265625
-0.707031
0.226562
-0.015625
-0.105469
-0.94043
-0.882812
-0.820312
-0.221191
0.796875
-0.84375
-0.361328
0.84375
0.226562
-0.978516
-0.773438
0.273438
0.28125
-0.867188
-0.976562
0.960938
-0.046875
-0.1875
-0.449219
-0.169922
0.390625
-0.382812
-0.69043
0.359375
0.351562
0.202637
0.03125
-0.796875
-0.446289
-0.140625
0.492188
-0.800781
0.910156
0.960938
-0.859375
-0.863281
0.914062
-0.394531
0.730469
-0.1875
-0.664062
0.332031
-0.101562
-0.140625
-0.957031
-0.1875
0.53125
0.155762
-0.921875
0.53125
-0.097168
0.046875
0.320312
0.970703
-0.3125
0.539062
-0.0273438
0.597656
0.304688
0.433594
-0.238281
-0.617188
-0.015625
-0.773438
-0.851562
-0.265625
-0.0546875
0.40625
0.140625
-0.888672
-0.15625
-0.335938
0.0429688
-0.523438
-0.671875
0.408203
0.929688
-0.757812
0.59375
0.78125
0.585938
-0.410156
0.414062
0.265625
-0.619141
0.679688
-0.867188
-0.650391
0.632812
0.164062
0.0649414
0.203125
0.140625
0.732422
0.910156
-0.507812
0.730469
0.804688
-0.3125
-0.839844
0.109375
0.929688
-0.898438
-0.953125
0.140625
0.496094
0.945312
0.453125
0.257812
0.360352
-0.273438
0.078125
-0.396729
0.8125
-0.03125
0.726562
-0.03125
0.078125
-0.0371094
0.886719
-0.90625
-0.753906
-0.34375
0.804688
-0.648438
0.992188
0.0625
-0.636719
0.966797
-0.109375
-0.945312
0.738281
0.078125
-0.46875
0.885376
0.507812
-0.382812
0.681641
0.222656
0.976562
-0.578125
-0.957031
-0.671875
-0.621094
0.175781
0.0078125
0.0195312
0.242188
0.96875
0.195312
0.929688
0.00390625
-0.0234375
-0.179688
-0.152344
-0.109375
0.792969
0.236328
0.289062
-0.402344
0.388672
0.820312
0.375
-0.901367
-0.914062
-0.679688
0.226562
0.609375
-0.875
-0.166016
0.515625
-0.101562
0.416016
-0.554688
0.695312
0.300781
0.472656
-0.148438
0.890625
0.148438
0.632812
-0.574219
0.974609
0.6875
0.773438
0.668457
-0.257812
0.828125
0.312012
-0.5625
-0.203125
-0.154297
-0.523438
-0.21875
0.894531
-0.707031
-0.539062
0.765625
-0.179688
-0.429688
-0.589844
-0.0195312
-0.828125
0.300781
0.0683594
-0.671875
0.671875
0.186523
-0.492188
0.984375
-0.499023
0.9375
0.914062
-0.833008
0.875
0.169922
-0.429688
-0.21875
-0.0742188
0.820312
-0.09375
0.015625
0.304688
-0.519531
-0.0078125
0.238281
-0.929688
0.265625
-0.09375
0.164062
-0.335938
-0.589844
0.636719
-0.164062
-0.0429688
-0.705078
0.328125
-0.90625
-0.991211
-0.117188
-0.90625
-0.972351
0.03125
0.5
-0.705078
-0.28125
-0.492188
-0.890625
0.53125
-0.476562
-0.128906
-0.773438
-0.09375
-0.359375
-0.121094
0.585938
-0.835938
0.429688
0.28125
